Przyklad 2: 0.000122 s
UDP: 0.000085 s
TCP: 0.000074 s